World info: 
20
20
3
0
5
0
339
2
2
0
0
2
3
257
1
4
0
0
2
0
338
5
7
0
10
2
3
10
t
9
0
2
0
3
94
3
12
0
0
2
3
18
a
13
0
4
0
3
265
s
14
0
4
1
3
32
t
16
0
2
1
3
24
t
0
1
2
1
3
194
s
1
1
4
0
3
292
1
2
1
0
2
3
286
1
3
1
0
2
2
324
1
4
1
0
2
1
332
a
5
1
4
0
3
95
4
7
1
99
2
3
119
3
11
1
0
2
3
188
a
12
1
4
0
3
115
4
13
1
99
2
3
29
t
15
1
2
1
3
244
w
18
1
9
0
3
241
2
19
1
0
2
3
117
5
0
2
10
2
0
336
1
2
2
0
2
0
337
t
4
2
2
1
3
34
w
7
2
9
0
3
211
2
8
2
0
2
3
7
a
11
2
4
0
3
15
t
16
2
2
1
3
14
4
17
2
99
2
3
169
f
18
2
3
1
3
173
5
0
3
10
2
3
100
a
5
3
4
1
3
275
4
6
3
99
2
3
279
5
9
3
10
2
3
20
3
11
3
0
2
3
168
1
13
3
0
2
3
256
4
14
3
99
2
3
229
2
15
3
0
2
3
307
s
16
3
4
1
3
202
4
19
3
99
2
3
299
2
2
4
0
2
3
157
s
3
4
4
1
1
325
4
9
4
99
2
3
89
a
11
4
4
0
3
315
5
14
4
10
2
3
170
2
16
4
0
2
3
147
5
18
4
10
2
3
80
5
0
5
10
2
3
270
4
2
5
99
2
3
129
w
4
5
15
0
3
41
4
5
5
99
2
3
259
w
6
5
9
1
3
121
w
8
5
9
0
3
271
2
9
5
0
2
3
227
2
11
5
0
2
3
67
5
12
5
10
2
3
200
4
16
5
99
2
3
189
5
17
5
10
2
3
230
3
19
5
0
2
3
28
s
3
6
4
0
3
62
2
4
6
0
2
3
97
s
8
6
4
0
3
222
w
13
6
12
1
3
161
5
16
6
10
2
3
320
f
18
6
3
1
3
193
f
19
6
3
1
3
133
5
0
7
10
2
3
250
4
2
7
99
2
3
59
3
4
7
0
2
3
218
s
10
7
4
0
3
52
w
12
7
9
0
3
101
4
14
7
99
2
3
219
s
17
7
4
0
3
182
f
19
7
3
1
3
163
t
6
8
2
0
3
104
f
7
8
3
0
3
23
t
8
8
2
1
3
164
f
9
8
3
0
3
233
4
10
8
99
2
3
289
3
11
8
0
2
3
48
w
12
8
9
0
3
201
3
14
8
0
2
3
278
5
15
8
10
2
3
90
1
16
8
0
2
3
206
4
17
8
99
2
3
199
4
18
8
99
2
3
49
f
1
9
6
1
3
243
s
2
9
4
1
2
321
f
5
9
6
1
3
213
2
8
9
0
2
3
17
2
9
9
0
2
1
327
5
10
9
10
2
3
290
w
13
9
9
1
3
191
4
16
9
99
2
3
149
w
19
9
9
1
3
231
3
1
10
0
2
3
178
1
3
10
0
2
3
56
4
4
10
99
2
3
79
5
6
10
10
2
3
150
5
8
10
10
2
3
40
5
9
10
10
2
1
328
4
10
10
99
2
3
159
5
14
10
10
2
3
240
H
18
10
5
0
3
0
w
0
11
9
1
3
141
f
3
11
3
1
3
63
f
5
11
6
0
3
113
t
7
11
5
0
3
174
f
11
11
3
0
0
333
s
13
11
4
1
3
92
2
15
11
0
2
3
127
4
16
11
99
2
3
319
a
17
11
4
0
3
225
1
18
11
0
2
3
246
4
19
11
99
2
3
309
w
0
12
9
0
3
251
t
2
12
2
1
3
304
1
3
12
0
2
3
196
4
7
12
99
2
3
239
5
12
12
10
2
3
310
1
15
12
0
2
3
176
w
16
12
12
0
3
61
a
17
12
4
1
3
305
2
18
12
0
2
3
187
1
2
13
0
2
2
323
4
3
13
99
2
3
69
1
4
13
0
2
3
26
4
5
13
99
2
3
9
5
6
13
10
2
3
60
5
7
13
10
2
3
180
5
8
13
10
2
3
110
5
9
13
10
2
3
140
t
15
13
2
1
3
134
2
18
13
0
2
1
330
2
19
13
0
2
3
47
1
0
14
0
2
3
166
1
2
14
0
2
3
276
t
3
14
2
0
3
54
3
5
14
0
2
3
268
5
6
14
10
2
3
50
t
10
14
2
1
3
264
2
11
14
0
2
3
57
t
12
14
2
1
3
114
5
14
14
10
2
3
300
t
16
14
2
0
3
234
w
17
14
9
0
3
181
a
18
14
4
1
3
255
f
19
14
3
0
3
33
5
1
15
10
2
3
280
5
4
15
10
2
3
210
5
5
15
10
2
3
30
5
7
15
10
2
3
220
2
8
15
0
2
3
137
1
9
15
0
2
3
306
t
10
15
2
0
3
254
2
14
15
0
2
1
331
a
15
15
4
0
3
295
2
16
15
0
2
3
27
s
3
16
4
0
1
326
t
6
16
2
1
3
184
4
8
16
99
2
3
99
w
9
16
9
1
3
11
s
10
16
4
1
3
192
5
12
16
10
2
3
160
2
14
16
0
2
3
287
f
16
16
6
0
3
53
5
2
17
10
2
3
130
3
3
17
0
2
3
68
2
4
17
0
2
3
37
w
7
17
9
0
3
81
4
17
17
99
2
3
249
w
19
17
9
1
3
131
3
3
18
0
2
3
298
s
5
18
7
0
3
212
2
8
18
0
2
3
237
5
11
18
10
2
3
70
s
13
18
4
1
3
312
4
15
18
99
2
3
109
f
17
18
3
1
3
253
4
0
19
99
2
3
179
s
1
19
4
1
3
122
5
3
19
10
2
3
120
s
5
19
7
0
3
152
4
7
19
99
2
3
269
4
9
19
99
2
3
19
4
12
19
99
2
3
139
4
14
19
99
2
3
209
5
15
19
10
2
3
190
4
16
19
99
2
3
39
f
19
19
3
0
3
263
